A (Random matrix):
     0.425     0.0047      0.143 
    0.0733      0.133     0.0801 
     0.732      0.483      0.691 
     0.643      0.782     0.0767 
     0.304      0.471      0.673 
     0.502      0.798     0.0151 

Lets check decomp:

Q:
     0.349     -0.655     -0.234 
    0.0603      0.103     0.0707 
     0.602     -0.353      0.348 
     0.528      0.276     -0.371 
      0.25      0.296      0.765 
     0.412      0.521     -0.309 

R:
      1.22       1.16      0.686 
         0      0.612     -0.101 
         0          0      0.695 
R is upper triangular

Q^T * Q:
         1   4.16e-16   1.67e-16 
  4.16e-16          1  -5.55e-17 
  1.67e-16  -5.55e-17          1 
Q^T * Q seems to be approximately equal to 1 (the identity matrix)

Q * R:
     0.425     0.0047      0.143 
    0.0733      0.133     0.0801 
     0.732      0.483      0.691 
     0.643      0.782     0.0767 
     0.304      0.471      0.673 
     0.502      0.798     0.0151 
We see that Q * R is equal to A


Lets check solve:

A (Random square matrix):
     0.367      0.607      0.468      0.601      0.243 
     0.173       0.16      0.988      0.919      0.582 
     0.211      0.602      0.693    0.00692      0.379 
    0.0362      0.729      0.674      0.931      0.142 
     0.315      0.222      0.936      0.897      0.778 

b (Random vector):     0.599       0.15       0.48      0.548      0.486      0.507 

Q:
     0.659     0.0586     -0.602       0.31     -0.322 
      0.31     -0.134      0.694     0.0563     -0.633 
      0.38      0.356   -0.00539     -0.854     0.0292 
    0.0651      0.861      0.264      0.392      0.175 
     0.566     -0.332      0.293      0.135      0.682 

R:
     0.556      0.852       1.45       1.25      0.934 
         0      0.782      0.412      0.418     -0.065 
         0          0      0.853      0.785      0.522 
         0          0          0      0.718    -0.0548 
         0          0          0          0       0.12 
R is again upper triangular

Solving QRx=b we get, x:    -0.207       1.13     -0.922      0.188       1.28 

A*x:     0.599       0.15       0.48      0.548      0.486 
Which is equal to b

Lets find the inverse of the random square matrix A:
B (A inverse):
      4.28       2.98     -0.438         -3       -2.8 
     -0.65      -2.72      0.615       1.49       1.66 
     0.722       4.33      0.922      -1.18       -3.7 
     0.228     -0.323      -1.17      0.657       0.62 
     -2.68      -5.27      0.243       1.45       5.67 

A*B:
         1          0  -9.71e-17   2.22e-16   2.22e-16 
 -4.44e-16          1  -1.94e-16  -2.22e-16  -4.44e-16 
  2.22e-16  -6.66e-16          1   1.11e-16          0 
 -1.11e-16   1.11e-16   2.84e-16          1          0 
  4.44e-16   8.88e-16   2.78e-17   2.22e-16          1 
We see that A*B is approximately the identity matrix
